forcing_file=./forcings/Laramie_14Jun09_to_15Apr12.csv
soil_params.depth=2.0
soil_params.b=5.25
soil_params.mult=1000.0
soil_params.satdk=0.00000338
soil_params.satpsi=0.355
soil_params.slop=0.01
soil_params.smcmax=0.439
soil_params.wltsmc=0.066
#soil.Z=0.1,0.5,1.0,2.0
#soil.Z=0.1,0.2,0.3,0.4,0.5,0.6,0.7,0.8,0.9,1.0,1.1,1.2,1.3,1.4,1.5,1.6,1.7,1.8,1.9,2.0
#soil.Z=0.05,0.1,0.15,0.2,0.25,0.3,0.35,0.4,0.45,0.5,0.55,0.6,0.65,0.7,0.75,0.8,0.85,0.9,0.95,1.0,1.05,1.1,1.15,1.2,1.25,1.3,1.35,1.4,1.45,1.5,1.55,1.6,1.65,1.7,1.75,1.8,1.85,1.9,1.95,2.0

#6m
#soil.Z=0.1,0.2,0.3,0.4,0.5,1.0,2.0,3.0,4.0,6.0
#soil.Z=0.05,0.1,0.15,0.2,0.25,0.3,0.35,0.4,0.45,0.5,0.55,0.6,0.65,0.7,0.75,0.8,0.85,0.9,0.95,1.0,1.05,1.1,1.15,1.2,1.25,1.3,1.35,1.4,1.45,1.5,1.55,1.6,1.65,1.7,1.75,1.8,1.85,1.9,1.95,2.0,2.05,2.1,2.15,2.2,2.25,2.3,2.35,2.4,2.45,2.5,2.55,2.6,2.65,2.7,2.75,2.8,2.85,2.9,2.95,3.0,3.05,3.1,3.15,3.2,3.25,3.3,3.35,3.4,3.45,3.5,3.55,3.6,3.65,3.7,3.75,3.8,3.85,3.9,3.95,4.0,4.05,4.1,4.15,4.2,4.25,4.3,4.35,4.4,4.45,4.5,4.55,4.6,4.65,4.7,4.75,4.8,4.85,4.9,4.95,5.0,5.05,5.1,5.15,5.2,5.25,5.3,5.35,5.4,5.45,5.5,5.55,5.6,5.65,5.7,5.75,5.8,5.85,5.9,5.95,6.0
#soil.Z=0.1,0.2,0.3,0.4,0.5,0.6,0.7,0.8,0.9,1.0,1.1,1.2,1.3,1.4,1.5,1.6,1.7,1.8,1.9,2.0,2.1,2.2,2.3,2.4,2.5,2.6,2.7,2.8,2.9,3.0,3.1,3.2,3.3,3.4,3.5,3.6,3.7,3.8,3.9,4.0,4.1,4.2,4.3,4.4,4.5,4.6,4.7,4.8,4.9,5.0,5.1,5.2,5.3,5.4,5.5,5.6,5.7,5.8,5.9,6.0
#soil.Z=0.2,0.4,0.6,0.8,1.0,1.2,1.4,1.6,1.8,2.0,2.2,2.4,2.6,2.8,3.0,3.2,3.4,3.6,3.8,4.0,4.2,4.4,4.6,4.8,5.0,5.2,5.4,5.6,5.8,6.0
#soil.Z=0.1,0.2,0.3,0.4,0.5,0.6,0.7,0.8,0.9,1.0,1.2,1.4,1.6,1.8,2.0,2.25,2.5,2.75,3.0,3.25,3.5,3.75,4.0,5.0,6.0
#
max_gw_storage=1.0
Cgw=0.01
expon=6.0
gw_storage=50%
alpha_fc=0.33
soil_storage=60.0%
K_nash=0.03
K_lf=0.01
nash_storage=0.0,0.0
giuh_ordinates=0.06,0.51,0.28,0.12,0.03
num_timesteps=1
verbosity=1
surface_partitioning_scheme=Schaake
#surface_partitioning_scheme=Xinanjiang
#a_Xinanjiang_inflection_point_parameter=1
#b_Xinanjiang_shape_parameter=1
#x_Xinanjiang_shape_parameter=1
#urban_decimal_fraction=0.4
